Ks1= 3500;  Isw= 0.0079; Bsc= 0.136; Im1= 0.0021; Kb1= 0.35;
L1= 0.002; R1=4.6; R2= 5; L2= 0.002; Kwb=2; Jwm= 0.0079;
Bwm= 1; Cwm= 0.4; br= 25; mr=2; gmr=0.015; gr= 4.5; Ctr=0.2;
Btr= 0.004; jt=1.36; Tfrc= 0; Tm1= [0,2];

